112,6
112,5
112,4
112,3
112,2
112,1
112,0
111,4
111,3
111,2
111,1
111,0
110,7
110,6
110,5
110,4
110,3
110,2
110,1
110,0
109,6
109,5
109,4
109,3
109,2
109,1
109,0
108,6
108,5
108,4
108,3
108,2
108,1
108,0
107,8
107,7
107,6
107,5
107,4
107,3
107,2
107,1
107,0
106,6
106,5
106,4
106,3
106,2
106,1
106,0
105,4
105,3
105,2
105,1
105,0
104,4
104,3
104,2
104,1
104,0
103,3
103,2
103,1
103,0
102,3
102,2
102,1
102,0
101,3
101,2
101,1
101,0
100,6
100,5
100,4
100,3
100,2
100,1
100,0
99,8
99,7
99,6
99,5
99,4
99,3
99,2
99,1
99,0
98,6
98,5
98,4
98,3
98,2
98,1
98,0
97,4
97,3
97,2
97,1
97,0
96,4
96,3
96,2
96,1
96,0
95,3
95,2
95,1
95,0
94,3
94,2
94,1
94,0
0,435
93,6
93,5
93,4
93,3
93,2
93,1
93,0
92,4
92,3
92,2
92,1
92,0
91,7
91,6
91,5
91,4
91,3
91,2
91,1
91,0
90,7
90,6
90,5
90,4
90,3
90,2
90,1
90,0
89,6
89,5
89,4
89,3
89,2
89,1
89,0
88,8
88,7
88,6
88,5
88,4
88,3
88,2
88,1
88,0
87,6
87,5
87,4
87,3
87,2
87,1
87,0
86,4
86,3
86,2
86,1
86,0
85,4
85,3
85,2
85,1
85,0
84,3
84,2
84,1
84,0
83,3
83,2
83,1
83,0
82,3
82,2
82,1
82,0
81,4
81,3
81,2
81,1
81,0
80,7
80,6
80,5
80,4
80,3
80,2
80,1
80,0
79,7
79,6
79,5
79,4
79,3
79,2
79,1
79,0
78,6
78,5
78,4
78,3
78,2
78,1
78,0
77,8
77,7
77,6
77,5
77,4
77,3
77,2
77,1
77,0
76,6
76,5
76,4
76,3
76,2
76,1
76,0
75,4
75,3
75,2
75,1
75,0
74,4
74,3
74,2
74,1
74,0
73,3
73,2
73,1
73,0
72,3
72,2
72,1
72,0
71,3
71,2
71,1
71,0
0,434
0,433
70,7
70,6
70,5
70,4
70,3
70,2
70,1
70,0
0,432
0,431
0,430
69,6
69,5
69,4
69,3
69,2
69,1
69,0
0,429
0,428
0,427
68,8
68,7
68,6
68,5
68,4
68,3
68,2
68,1
68,0
0,426
0,425
67,6
67,5
67,4
67,3
67,2
67,1
67,0
66,4
66,3
66,2
66,1
66,0
65,4
65,3
65,2
65,1
65,0
64,3
64,2
64,1
64,0
63,3
63,2
63,1
63,0
62,3
62,2
62,1
62,0
61,7
61,6
61,5
61,4
61,3
61,2
61,1
61,0
60,6
60,5
60,4
60,3
60,2
60,1
60,0
59,8
59,7
59,6
59,5
59,4
59,3
59,2
59,1
59,0
58,6
58,5
58,4
58,3
58,2
58,1
58,0
57,4
57,3
57,2
57,1
57,0
0,424
0,423
56,4
56,3
56,2
56,1
56,0
0,422
0,421
55,3
55,2
55,1
55,0
0,420
0,419
0,418
54,3
54,2
54,1
54,0
0,417
0,416
0,415
53,3
53,2
53,1
53,0
0,414
0,413
0,412
52,3
52,2
52,1
52,0
0,411
0,410
0,409
0,408
51,3
51,2
51,1
51,0
0,407
0,406
0,405
50,3
50,2
50,1
50,0
0,404
0,403
0,402
49,3
49,2
49,1
49,0
0,401
0,400
0,399
48,3
48,2
48,1
48,0
0,398
0,397
0,396
47,3
47,2
47,1
47,0
0,395
0,394
46,3
46,2
46,1
46,0
0,393
0,392
0,391
0,390
0,389
0,388
0,387
0,386
0,385
0,384
45,3
45,2
45,1
45,0
0,383
0,382
44,3
44,2
44,1
44,0
0,381
0,380
0,379
43,6
43,5
43,4
43,3
43,2
43,1
43,0
0,378
0,377
0,376
42,4
42,3
42,2
42,1
42,0
0,375
0,374
0,373
41,4
41,3
41,2
41,1
41,0
0,372
0,371
0,370
40,3
40,2
40,1
40,0
0,369
0,368
0,367
39,3
39,2
39,1
39,0
0,366
0,365
0,364
38,9
38,8
38,7
38,6
38,5
38,4
38,3
38,2
38,1
38,0
0,363
0,362
0,361
37,4
37,3
37,2
37,1
37,0
0,360
0,359
0,358
36,9
36,8
36,7
36,6
36,5
36,4
36,3
36,2
36,1
36,0
0,357
0,356
0,355
35,8
35,7
35,6
35,5
35,4
35,3
35,2
35,1
35,0
0,354
0,353
0,352
34,6
34,5
34,4
34,3
34,2
34,1
34,0
0,351
0,350
0,349
33,8
33,7
33,6
33,5
33,4
33,3
33,2
33,1
33,0
0,348
0,347
0,346
32,6
32,5
32,4
32,3
32,2
32,1
32,0
0,345
0,344
0,343
31,4
31,3
31,2
31,1
31,0
0,342
0,341
0,340
30,4
30,3
30,2
30,1
30,0
0,339
0,338
0,337
29,3
29,2
29,1
29,0
0,336
0,335
0,334
28,3
28,2
28,1
28,0
0,333
0,332
27,9
27,8
27,7
27,6
27,5
27,4
27,3
27,2
27,1
27,0
26,4
26,3
26,2
26,1
26,0
25,9
25,8
25,7
25,6
25,5
25,4
25,3
25,2
25,1
25,0
24,8
24,7
24,6
24,5
24,4
24,3
24,2
24,1
24,0
23,6
23,5
23,4
23,3
23,2
23,1
23,0
22,8
22,7
22,6
22,5
22,4
22,3
22,2
22,1
22,0
21,6
21,5
21,4
21,3
21,2
21,1
21,0
20,4
20,3
20,2
20,1
20,0
19,4
19,3
19,2
19,1
19,0
18,3
18,2
18,1
18,0
17,3
17,2
17,1
17,0
4,3
2,2
2,3
2,1
2,0
1,3
0,324
0,243
0,9
0,0
0,1
0,300
0,299
0,298
0,297
0,296
0,295
0,294
0,293
0,292
0,291
0,290
0,289
0,288
0,287
0,286
0,285
0,284
0,283
0,282
0,281
0,280
0,279
0,278
0,277
0,276
0,275
0,274
0,273
0,272
0,271
0,270
0,269
0,268
0,267
0,266
0,265
0,264
0,263
0,262
0,261
0,260
0,259
0,258
0,257
0,256
0,255
0,254
0,253
0,252
0,251
0,250
0,249
0,248
0,247
0,246
0,245
0,244
0,242
0,241
0,240
0,239
0,238
0,237
0,236
0,235
0,234
0,233
0,232
0,231
0,230
0,229
0,228
0,227
0,226
0,225
0,224
0,223
0,222
0,221
0,220
0,219
0,218
0,217
0,216
0,215
0,214
0,213
0,212
0,211
0,210
0,209
0,208
0,207
0,206
0,205
0,204
0,203
0,202
0,201
0,200
0,199
0,198
0,197
0,331
0,196
0,330
0,195
0,329
0,194
0,328
0,193
0,327
0,192
0,326
0,63
0,325
0,62
0,323
0,61
0,322
0,60
0,321
0,59
0,320
0,58
0,319
0,57
0,318
0,56
0,317
0,55
0,316
0,54
0,315
0,53
0,314
0,52
0,313
0,51
0,312
0,50
0,311
0,49
0,310
0,48
0,309
0,47
0,308
0,46
0,307
0,45
0,301
0,6
0,5
0,304
0,303
0,306
0,305
0,302
0,12
0,10
0,8
0,11
0,4
0,2
0,3
0,7
